5586437
5587698
5589173
5591778
5597955
5598538
5600685
5601538
5601933
5604045
5604353
5605242
5610810
5640350
5641727
5642934
5655240
5656882
5660340
5666639
5710756
5711099
5711149
5711789
5713376
5713587
5713759
5717758
5718601
5720495
5720727
5725846
5727190
5729080
5729485
5730675
5731070
5731371
5734711
5735238
5735724
5736218
5736378
5740099
5740900
5742726
5743731
5744253
5745380
5746545
5749352
5750162
5751632
5754005
5756758
5757477
5757506
5760009
5761287
5761708
5783695
5784549
5784607
5785243
5785657
5785868
5785965
5786485
5786882
5786899
5787776
5787829
5788054
5788516
5788822
5789683
5790971
5791159
5792244
5793427
5793933
5794097
5794245
5794559
5795011
5795906
5796984
5798487
5799587
5799610
5799625
5799841
5800112
5800317
5800420
5801617
5802049
5802340
5802493
5802570
5803139
5803457
5803786
5803990
5804127
5804191
5804306
5804953
5805441
5805687
5805782
5805815
5806253
5807212
5807540
5807575
5808079
5808189
5808276
5809333
5809402
5809805
5809844
5810301
5810490
5811456
5811581
5811696
5811729
5812604
5812944
5814043
5814095
5814450
5814616
5814916
5815342
5815538
5815539
5816320
5816605
5820705
5826027
5838198
